After hough transformation:
[221.50180505415162, 328.78135048231513, 430.5737373737374, 538.4910485933503, 644.4958677685951, 
740.8888888888889, 826.9270833333334, 939.921052631579]

cluster 0: [292 290 292 292 290 292 288 290 290 288 290 292 292 292 294 296 298 296
 298 300 298 300 302 300 302 302 300 302 304 304 304 304 306 306 306 306
 306 308 308 308 308 310 312 314 312 314 314 314 316 318 316 320 320 318
 320 322 322 322 324 324 326 326 326 326 328 330 328 330 330 332 332 332
 334 332 332 334 332 332 332 332 332 332 332 334 332 332 332 332 332 330
 332 330 330 330 330 330 332 332 332 332 332 334 334 336 336 336 338 338
 338 340 342 340 342 344 344 344 346 346 346 346 346 348 348 348 348 350
 350 350 350 350 352 350 352 352 352 352 352 376 354 354 354 356 356 356
 356 356 358 354 356 358 354 354 354 354 354 352 352 356 354 374 352 354
 354 352 352 370 352 350 350 350 350 348 350 348 348 346 346 366 346 346
 344 328 344 348 344 342 344 342 342 342 344 344 344 342 342 342 344 342
 344 344 344 368 344 344 346 344 344 346 346 344 344 348 344 344 346 346
 346 346 346 346 346 346 346 346 350 374 348 348 348 348 348 348 346 350
 350 350 350 350 376 350 352 350 372 350 350 350 350 350 350 350 372 352
 352 350 350 350 352 330 350 352 350 352 352 350 350 348 348 348 350 332
 328 348 350 350 348 346 346 346 346 346 346 346 346 372 346 346 346 370
 346 370 346 348 350 350 348 348 348 350 348 348 348 348 348 348 370 314
 348 346 348 346 346 344 344 344 344 344 346 344 342 342 344 346 344 342
 342 342 340 344 338 340 340 364 338 340 338 336 358 338 336 338 336 336
 336 334 332 332 310 334 332 332 330 330 330 328 330 374 328 348 328 328
 348 328 328 326 326 326 326 326 324 344 324 324 324 324 322 290 322 324
 300 320 346 322 342 322 320 342 320 340 320 336 320 318 318 318 318 318
 316 314 318 318 316 336 316 318 316 316 318 316 318 336 318 318 316 336
 318 318 318 342 320 320 318 318 318 320 318 318 318 316 318 318 318 314
 338 314 334 314 314 332 314 332 318 318 314 314 316 316 316 340 316 336
 316 316 318 320 318 338 318 318 318 318 320 338 320 320 370 322 320 320
 344 320 320 318 320 320 320 320 320 320 320 342 320 320 318 320 318 318
 344 318 318 318 316 318 316 316 338 316 314 314 370 314 338 316 314 312
 314 314 314 336 314 312 338 312 314 312 312 312 312 330 310 310 310 308
 332 308 310 284 306 308 308 306 306 306 308 308 306 328 306 304 306 306
 348 306 306 308 306 306 306 306 358 306 304 306 328 306 306 328 306 306
 324 304 306 306 304 304 306 308 306 304 304 304 304 304 304 304 304 380
 304 304 304 326 304 304 304 322 302 324 304 304 302 324 302 302 302 302
 302 302 300 300 298 322 300 298 298 298 298 298 298 298 298 320 298 296
 298 296 296 296 296 294 296 296 296 294]
328.78135048231513
cluster 1: [188 186 186 186 186 186 186 184 186 184 186 186 188 190 190 190 192 192
 194 194 194 196 198 198 196 198 198 200 200 200 200 200 202 202 202 202
 204 202 206 206 206 208 208 210 210 210 210 212 212 214 214 214 216 216
 216 218 218 218 220 222 220 222 222 222 224 224 224 226 226 226 228 226
 228 228 228 228 228 228 226 226 228 228 228 228 226 228 228 226 226 226
 226 226 226 226 224 228 228 228 228 230 228 230 232 230 232 232 232 234
 234 234 236 236 238 238 240 242 242 242 240 242 244 242 244 242 244 244
 244 244 244 242 246 246 248 248 248 248 248 250 250 250 250 248 252 252
 250 252 250 250 248 250 250 250 248 248 250 248 246 248 248 246 246 248
 246 246 244 244 244 244 242 242 242 242 242 240 240 238 238 238 238 238
 236 238 236 238 238 238 236 238 238 236 238 238 238 238 238 238 238 238
 238 238 240 240 240 240 240 240 240 240 240 240 238 240 240 240 240 240
 242 242 240 240 240 242 242 242 242 244 242 242 242 244 244 244 244 244
 244 244 246 244 244 242 244 244 244 242 242 244 244 244 244 244 242 244
 244 242 242 240 242 242 240 240 240 242 238 238 240 240 240 240 240 238
 240 238 242 242 240 242 242 242 242 242 242 240 242 242 240 242 240 240
 240 240 242 240 240 240 238 238 240 240 236 238 236 238 238 236 238 236
 236 236 236 230 234 234 232 232 230 230 230 230 232 230 228 230 228 228
 226 226 226 226 224 224 224 226 222 222 220 222 220 222 220 220 218 220
 220 218 218 218 218 218 216 216 268 218 216 214 240 216 216 214 212 212
 212 212 212 212 212 210 210 210 210 210 210 212 212 212 212 212 212 214
 212 212 212 212 212 212 214 212 214 212 212 212 212 210 212 210 210 210
 210 210 210 208 208 210 210 208 208 210 210 210 210 212 212 212 212 212
 214 212 214 214 214 214 216 214 216 216 214 214 214 216 214 214 214 214
 214 214 214 214 212 214 214 214 214 212 212 212 210 210 210 210 210 210
 208 208 210 208 208 208 208 208 208 208 206 206 204 206 204 204 204 204
 204 202 202 202 202 202 202 202 200 202 202 200 200 200 200 200 200 200
 200 200 200 200 200 200 200 200 200 200 200 200 200 196 200 198 198 200
 198 198 198 198 198 198 198 198 198 198 196 196 198 198 198 198 198 196
 198 196 196 196 196 196 196 194 194 194 194 192 192 192 192 192 192 192
 194 192 190 190 190 190 190 190 190 190 190 190 188 188]
221.50180505415162
cluster 2: [394 394 394 394 394 392 392 392 392 394 394 394 394 396 396 398 400 400
 400 402 402 404 404 404 406 404 406 408 408 406 406 408 408 408 408 408
 410 410 412 412 412 414 414 416 418 418 420 420 420 420 422 424 422 424
 426 426 426 428 428 428 430 430 430 432 432 432 434 434 436 436 436 436
 436 436 438 436 436 436 436 436 436 436 436 436 436 434 434 436 434 434
 434 434 434 434 434 434 436 436 436 436 436 438 438 440 440 440 440 442
 444 444 446 446 448 448 448 450 452 452 452 452 452 452 452 454 450 454
 454 454 456 456 456 460 454 464 460 462 466 460 460 458 458 458 456 454
 454 456 456 454 456 454 452 452 450 448 448 448 444 448 442 448 446 448
 446 446 446 446 448 446 444 448 422 448 450 450 450 448 448 446 448 446
 450 448 448 450 448 450 460 448 452 436 450 448 446 472 452 452 450 454
 454 452 454 454 452 456 456 452 454 458 454 454 456 456 454 454 452 452
 454 454 452 454 454 452 456 454 456 456 454 448 450 448 448 450 446 448
 448 452 450 448 450 452 452 452 452 454 450 454 456 452 456 452 452 452
 452 452 452 452 450 450 452 450 450 448 448 450 448 448 446 450 446 446
 446 446 446 444 444 448 446 444 442 442 442 440 440 440 440 440 438 438
 436 440 436 436 436 434 434 432 436 434 436 436 432 432 432 436 426 434
 426 474 428 432 430 420 428 428 426 430 428 430 428 428 426 422 422 424
 420 424 420 420 420 420 422 418 420 418 420 422 420 420 420 420 424 420
 424 424 422 422 422 422 422 424 420 422 420 424 424 420 418 418 416 418
 422 418 418 420 418 420 418 418 416 420 420 420 418 420 420 420 420 422
 424 420 422 420 422 424 422 424 422 422 422 424 422 422 400 422 422 422
 422 426 424 420 424 422 424 424 424 420 422 422 466 424 418 422 422 414
 420 422 418 424 420 420 410 420 420 418 418 422 420 418 418 418 414 414
 412 410 414 414 414 406 414 410 412 412 408 412 414 410 408 406 400 412
 408 410 404 412 410 408 410 412 406 414 412 396 410 412 412 406 412 414
 412 406 404 406 404 412 404 410 406 406 414 398 412 410 398 408 404 406
 404 392 406 398 404 386 402 404 404]
430.5737373737374
cluster 3: [698 698 696 698 698 698 698 702 698 698 704 704 706 706 702 708 710 710
 710 712 714 708 704 712 714 716 716 716 720 722 718 722 722 726 724 722
 726 728 732 728 732 732 728 732 734 730 736 740 736 738 736 740 742 742
 748 744 744 748 746 744 746 742 744 742 742 740 742 742 746 744 746 744
 744 756 758 756 760 762 762 762 760 764 762 760 764 766 766 766 766 768
 766 764 764 768 770 770 770 768 772 770 770 770 770 764 766 766 768 766
 766 766 764 764 768 766 764 764 762 766 764 764 760 758 758 756 758 760
 750 762 758 760 758 754 756 758 756 756 758 762 758 758 758 764 762 758
 764 762 762 760 760 764 760 758 760 760 762 764 756 760 764 766 766 766
 764 768 766 764 768 768 770 766 770 768 766 766 768 768 766 770 770 768
 768 770 766 768 766 770 768 764 768 768 766 768 762 764 766 764 760 762
 764 760 762 764 764 760 762 762 762 766 764 764 764 766 764 768 768 766
 768 762 762 760 762 762 762 760 764 762 764 758 760 758 762 760 760 756
 756 756 758 756 754 750 756 754 752 754 756 752 752 750 748 748 752 750
 750 740 746 750 746 752 750 744 744 748 748 744 742 738 740 744 738 742
 738 740 738 742 742 742 736 738 736 734 736 736 738 740 740 736 734 736
 736 728 736 732 730 732 728 730 728 730 726 726 730 732 728 726 728 728
 730 730 732 732 728 732 732 730 728 724 728 730 732 732 732 728 732 730
 728 730 728 728 728 728 728 728 728 726 728 728 728 728 730 730 728 730
 728 730 730 730 730 732 732 732 734 732 732 734 732 734 734 732 732 732
 730 732 734 732 734 732 732 732 732 732 732 732 732 732 730 730 730 730
 730 730 728 730 728 728 726 728 726 728 728 726 726 726 726 726 726 724
 724 724 724 724 722 722 722 720 720 722 722 720 720 720 722 720 718 720
 720 720 720 720 720 720 720 720 722 720 720 720 720 720 720 720 720 720
 716 724 718 718 728 724 720 716 720 722 718 722 720 726 726 718 722 722
 718 718 722 718 720 724 726 726 718 718 714 718 724 726 718 712 714 712]
740.8888888888889
cluster 4: [496 496 496 496 492 494 490 494 496 494 490 496 496 494 500 500 504 500
 502 504 506 506 506 508 508 508 502 510 508 510 504 510 510 512 512 512
 514 512 516 516 516 516 518 516 522 522 524 524 526 526 526 528 526 526
 530 530 532 530 530 534 534 532 534 536 536 536 536 538 540 540 540 536
 540 540 540 536 540 540 540 540 540 540 534 538 538 532 538 532 538 538
 540 538 536 536 538 542 536 540 540 540 540 542 542 544 544 546 546 546
 546 550 548 550 552 554 552 552 554 550 556 552 558 556 558 558 558 558
 556 558 558 560 558 560 560 562 562 564 564 564 564 564 564 566 564 564
 564 562 562 564 562 562 560 560 560 562 562 560 560 560 560 558 558 558
 558 558 558 556 558 556 554 556 554 554 554 552 552 552 550 550 552 552
 550 552 552 550 552 552 550 550 552 550 552 552 552 552 552 552 552 554
 552 554 554 554 554 554 554 554 554 554 554 554 554 556 556 556 556 556
 556 554 558 556 556 556 556 558 556 558 556 560 560 560 560 560 562 560
 560 560 562 558 560 562 560 560 560 560 560 560 558 560 558 560 560 558
 560 558 558 558 558 556 556 556 556 556 554 554 554 554 554 554 560 556
 556 556 554 558 558 556 552 552 556 554 550 550 566 548 566 548 542 548
 564 548 548 542 560 542 536 538 548 546 538 544 516 534 522 526 526 522
 520 538 524 526 522 524 522 520 524 518 524 520 518 524 522 518 520 520
 520 524 520 524 524 524 524 522 524 526 524 528 526 528 526 524 524 526
 528 524 524 526 528 526 522 518 526 518 524 526 522 522 524 520 526 528
 522 530 512 524 524 514 524 520 512 512 520 518 512 514 514 506 518 514
 518 508 516 514 514 510 518 512 492 502 514 516 500]
538.4910485933503
cluster 5: [596 596 596 596 598 608 606 606 612 614 628 636 644 644 640 656 664 658
 660 656 660 664 662 656 660 662 660 658 666 660 660 664 670 668 668 662
 664 662 662 668 662 664 662 662 658 660 664 654 660 656 664 662 660 658
 658 654 660 658 656 656 654 656 656 656 654 654 656 652 650 650 654 648
 648 654 654 658 654 656 658 658 658 650 656 660 658 656 654 658 660 658
 660 656 658 652 652 656 662 660 660 662 662 658 662 662 662 654 660 658
 666 656 660 660 664 660 662 668 666 666 660 662 664 672 664 660 666 664
 666 666 662 660 660 654 664 664 658 658 660 660 662 656 650 658 662 656
 660 660 660 660 662 660 660 660 662 662 660 662 662 662 662 664 660 662
 660 662 660 660 660 658 660 658 658 658 656 658 656 656 656 654 656 654
 654 654 654 654 654 652 654 650 652 650 650 648 648 648 648 648 648 648
 646 646 644 644 644 644 644 644 642 642 642 642 640 640 640 640 640 638
 638 638 638 638 638 636 636 636 636 636 636 636 636 634 634 634 632 630
 630 630 628 630 628 628 628 626 628 626 626 626 626 628 626 626 628 626
 628 628 628 628 628 630 628 630 628 626 628 630 628 630 628 628 628 626
 632 632 632 630 628 632 632 636 634 632 634 632 632 636 636 638 636 634
 636 636 636 638 640 638 636 634 636 640 642 638 630 636 638 634 636 630
 636 638 636 636 634 628 632 630 630 632 632 630 634 628 632 628 632 624
 630 628 626 628 628 630 628 628 628 628 626 622 626 626 626 626 626 626
 626 624 616 624 624 620 626 626 624 624 626 624 626 624 622 624 624 626
 632 620 622]
644.4958677685951
cluster 6: [794 792 804 796 812 806 816 842 842 868 868 868 860 858 856 858 862 872
 874 866 860 864 864 866 864 856 844 848 840 836 838 834 830 820 822 826
 832 828 828 832 826 828 828 826 826 826 826 828 824 824 824 828 826 828
 830 828 826 826 832 828 826 826 832 828 830 830 830 830 828 834 828 830
 830 830 830 828 836 832 834 832 832 830 836 832 834 830 830 830 832 830
 828 832 828 828 828 828 828 830 828 826 824 828 820 824 824 826 826 826
 826 820 838 824 822 822 824 822 824 820 820 820 816 820 822 820 820 820
 816 816 814 816 818 820 820 816 818 816 820 822 814 822 820 820 822 820
 820 820 820 820 820 820 820 820 820 820 820 820 820 820 820 820 822 818
 820 820 820 818 820 820 818 816 818 816 816 816 816 816 816 816 816 816
 814 816 816 816 816 814 814 816 816 814 814 814]
826.9270833333334
cluster 7: [898 910 914 912 914 916 920 926 926 928 928 930 934 932 946 946 950 952
 968 970 976 978 972 970 970 970 966 962 964 964 966 970 966 966 970 970
 966 970 970 970 972 978 974 976 974 976 972 974 966 970 968 970 970 968
 968 962 958 958 952 960 958 950 954 948 946 946 946 942 948 946 940 938
 936 936 936 934 932 932 932 932 932 930 930 928 930 934 928 934 932 932
 932 938 934 940 936 936 938 934 938 936 936 936 934 940 934 942 936 936
 936 926 928 928 926 920 922 924 916 918 924 924 922 920 924 920 920 920
 926 924 920 920 922 920 922 926 918 920 920 914 922 918 916 914 914 918
 924 912 918 918 916 916 914 918]
939.921052631579


1&2:
(array([714. , 714.5, 715. , 715.5, 714. , 714.5, 715. , 715.5, 716. ,
       716.5, 717. , 716.5, 717. , 717.5, 717.5, 718. , 718.5, 712.5,
       718.5, 719. , 719.5, 713. , 713.5, 714. , 714.5, 719.5, 720. ,
       713.5, 714. , 714.5, 720. , 720.5, 724.5, 724.5, 724. , 724.5,
       725. , 724. , 724.5, 723.5, 724. , 724.5, 723. , 723.5, 724. ,
       724.5, 723.5, 724. , 724. , 722. , 722. , 722.5, 723. , 723.5,
       724. , 724.5, 725. , 725.5, 726. , 726.5, 722.5, 723. , 723.5,
       724. , 724.5, 725. , 725.5, 726. , 726.5, 727. , 727.5, 728. ,
       728.5, 729. , 729.5, 730. , 730.5, 731. , 731.5, 725. , 725.5,
       726. , 726.5, 727. , 727.5, 728. , 728.5, 729. , 729.5, 730. ,
       730.5, 731. , 731.5, 732. , 732.5, 729. , 729.5, 730. , 730.5,
       731. , 731.5, 732. , 732.5]), 723.4174757281553)

2&3:
(array([759. , 759.5, 760. , 760.5, 761.5, 758.5, 759. , 759.5, 759. ,
       759.5, 759. , 759.5, 759.5, 764.5, 765. , 760. , 766. , 760.5,
       767. , 767.5, 768. , 768. , 768.5, 769. , 768.5, 769. , 768.5,
       769. , 769.5, 767.5, 768. , 768.5, 769. , 769.5, 767. , 767.5,
       768. , 767.5, 768. , 768.5, 769. , 770.5, 771. , 771.5, 772. ,
       766. , 773. , 773.5, 766.5, 773.5, 774. , 774.5, 767. , 774. ,
       774.5, 775. , 767.5, 768. , 775. , 775.5, 768.5, 775.5, 776. ,
       769. , 769.5, 775.5, 776. , 776.5, 770. , 770.5, 775.5, 776. ,
       776.5, 777. , 771. , 771.5, 775.5, 776. , 776.5, 777. , 772. ,
       772.5, 773. , 773.5, 774. , 774.5, 775. , 775.5]), 769.2329545454545)

3&4:
(array([793. , 793.5, 794. , 794.5, 796. , 796.5, 797. , 794.5, 795. ,
       797.5, 794.5, 795. , 798. , 794.5, 795. , 798.5, 795. , 799. ,
       795. , 799.5, 795. , 800. , 795. , 800.5, 801.5, 796. , 802. ,
       797. , 797.5, 802.5, 797.5, 798. , 798.5, 806.5, 806. , 806.5,
       807. , 807.5, 807.5, 808. ]), 798.6375)

4&5:
(array([826. , 826.5, 827. , 827.5, 828. , 826. , 826.5, 826.5, 827. ,
       827.5, 831. , 831.5, 832. , 829. , 829.5, 830. , 830.5, 831. ,
       831.5, 836. , 838. , 836.5, 839.5, 833.5, 834.5, 841.5, 842. ,
       842. , 842.5, 842.5, 842.5, 843. , 843. , 840. , 840.5, 841. ,
       841.5, 842. ]), 834.3815789473684)
       